-30.000000 900.000000
-28.000000 784.000000
-26.000000 676.000000
-24.000000 576.000000
-22.000000 484.000000
-20.000000 400.000000
-18.000000 324.000000
-16.000000 256.000000
-14.000000 196.000000
-12.000000 144.000000
-10.000000 100.000000
 -8.000000  64.000000
 -6.000000  36.000000
 -4.000000  16.000000
 -2.000000   4.000000
  0.000000   0.000000
  2.000000   4.000000
  4.000000  16.000000
  6.000000  36.000000
  8.000000  64.000000
 10.000000 100.000000
 12.000000 144.000000
 14.000000 196.000000
 16.000000 256.000000
 18.000000 324.000000
 20.000000 400.000000
 22.000000 484.000000
 24.000000 576.000000
 26.000000 676.000000
 28.000000 784.000000
 30.000000 900.000000
