 -5.000000 -155.000000
 -4.800000 -138.432000
 -4.600000 -123.096000
 -4.400000 -108.944000
 -4.200000 -95.928000
 -4.000000 -84.000000
 -3.800000 -73.112000
 -3.600000 -63.216000
 -3.400000 -54.264000
 -3.200000 -46.208000
 -3.000000 -39.000000
 -2.800000 -32.592000
 -2.600000 -26.936000
 -2.400000 -21.984000
 -2.200000 -17.688000
 -2.000000 -14.000000
 -1.800000 -10.872000
 -1.600000  -8.256000
 -1.400000  -6.104000
 -1.200000  -4.368000
 -1.000000  -3.000000
 -0.800000  -1.952000
 -0.600000  -1.176000
 -0.400000  -0.624000
 -0.200000  -0.248000
  0.000000   0.000000
  0.200000   0.168000
  0.400000   0.304000
  0.600000   0.456000
  0.800000   0.672000
  1.000000   1.000000
  1.200000   1.488000
  1.400000   2.184000
  1.600000   3.136000
  1.800000   4.392000
  2.000000   6.000000
  2.200000   8.008000
  2.400000  10.464000
  2.600000  13.416000
  2.800000  16.912000
  3.000000  21.000000
  3.200000  25.728000
  3.400000  31.144000
  3.600000  37.296000
  3.800000  44.232000
  4.000000  52.000000
  4.200000  60.648000
  4.400000  70.224000
  4.600000  80.776000
  4.800000  92.352000
