  0.000000   0.000000   0.000000
  0.000000   0.400000   0.160000
  0.000000   0.800000   0.640000
  0.000000   1.200000   1.440000
  0.000000   1.600000   2.560000
  0.400000   0.000000   0.160000
  0.400000   0.400000   0.320000
  0.400000   0.800000   0.800000
  0.400000   1.200000   1.600000
  0.400000   1.600000   2.720000
  0.800000   0.000000   0.640000
  0.800000   0.400000   0.800000
  0.800000   0.800000   1.280000
  0.800000   1.200000   2.080000
  0.800000   1.600000   3.200000
  1.200000   0.000000   1.440000
  1.200000   0.400000   1.600000
  1.200000   0.800000   2.080000
  1.200000   1.200000   2.880000
  1.200000   1.600000   4.000000
  1.600000   0.000000   2.560000
  1.600000   0.400000   2.720000
  1.600000   0.800000   3.200000
  1.600000   1.200000   4.000000
  1.600000   1.600000   5.120000
